Prob
0.0196078431372549
0.0392156862745098
0.0588235294117647
0.0784313725490196
0.0980392156862745
0.117647058823529
0.137254901960784
0.156862745098039
0.176470588235294
0.196078431372549
0.215686274509804
0.235294117647059
0.254901960784314
0.274509803921569
0.294117647058824
0.313725490196078
0.333333333333333
0.352941176470588
0.372549019607843
0.392156862745098
0.411764705882353
0.431372549019608
0.450980392156863
0.470588235294118
0.490196078431373
0.509803921568627
0.529411764705882
0.549019607843137
0.568627450980392
0.588235294117647
0.607843137254902
0.627450980392157
0.647058823529412
0.666666666666667
0.686274509803922
0.705882352941177
0.725490196078431
0.745098039215686
0.764705882352941
0.784313725490196
0.803921568627451
0.823529411764706
0.843137254901961
0.862745098039216
0.882352941176471
0.901960784313726
0.92156862745098
0.941176470588235
0.96078431372549
0.980392156862745
1
